391 289 51
391 290 51
391 291 51
391 292 51
116 318 71
116 318 70
116 318 70
119 318 72
138 322 62
143 322 63
141 322 64
109 322 82
134 324 62
138 324 63
143 324 63
116 324 72
110 324 83
116 324 83
143 326 63
134 326 62
112 326 82
118 326 82
139 328 63
141 328 62
151 328 57
158 328 57
160 328 57
169 328 57
172 328 56
176 328 55
171 328 59
174 328 61
118 328 78
123 328 77
122 328 79
120 328 80
116 328 78
164 331 53
168 331 54
173 331 55
181 331 55
183 331 55
170 331 57
169 331 57
157 331 57
154 331 57
150 331 55
172 331 59
177 331 61
142 331 61
141 331 63
120 331 77
118 331 77
118 331 79
122 331 80
122 331 79
122 331 77
164 333 53
166 333 55
173 333 56
180 333 56
185 333 57
155 333 57
152 333 56
145 333 62
142 333 62
123 333 77
119 333 78
119 333 79
122 333 80
123 333 80
122 333 77
119 337 77
125 337 79
159 337 111
164 337 112
160 340 109
165 340 112
122 340 81
121 340 78
170 347 50
176 347 50
179 347 50
137 347 86
146 347 86
150 347 87
148 347 89
143 347 89
142 347 87
163 351 52
169 351 52
173 351 50
175 351 49
177 351 52
181 351 54
139 351 86
148 351 87
152 351 88
152 351 89
150 351 90
147 351 88
165 354 52
171 354 50
174 354 49
174 354 49
179 354 53
182 354 55
156 354 76
152 354 76
149 354 77
149 354 75
140 354 86
149 354 87
153 354 89
156 354 90
152 354 91
155 354 89
147 357 78
157 357 76
161 357 74
170 357 51
176 357 50
180 357 53
181 357 54
148 357 87
156 357 89
150 357 78
158 357 75
143 359 68
151 359 68
171 359 50
175 359 50
179 359 53
172 359 51
169 363 53
171 363 51
177 363 53
170 363 52
150 363 76
156 363 74
147 363 76
148 363 69
156 363 88
162 365 81
145 365 76
157 365 75
146 365 69
163 365 61
169 365 59
171 365 51
169 365 50
357 369 63
370 369 65
373 369 67
372 369 71
366 369 75
362 369 77
358 369 78
165 370 59
161 370 62
153 370 75
362 373 55
367 373 55
367 373 55
373 373 64
375 373 68
375 373 72
371 373 75
357 373 77
341 373 77
337 373 77
362 376 63
369 376 67
370 376 68
363 376 75
340 376 77
335 376 77
337 376 73
364 376 54
168 376 59
165 376 62
358 378 73
361 378 78
342 378 77
335 378 76
356 384 76
341 384 76
326 384 76
316 384 73
311 384 69
307 384 68
299 384 68
323 387 74
308 387 72
301 387 69
307 387 66
322 391 75
313 391 73
307 391 69
307 391 67
307 391 66
316 395 75
313 395 71
312 395 68
311 395 66
303 395 70
313 399 75
311 399 69
309 399 67
311 405 71
307 405 71
298 405 71
292 405 71
303 405 69
307 405 67
212 410 76
212 410 78
269 412 66
261 412 67
254 412 65
254 412 65
259 412 70
223 412 68
229 412 72
237 412 73
252 415 63
256 415 67
258 415 68
261 415 71
223 415 68
229 415 72
236 415 73
254 417 64
258 417 68
226 417 69
232 417 73
240 417 73
188 388 79
187 388 79
186 388 81
179 388 82
179 388 82
186 388 82
190 388 82
179 391 80
186 391 81
188 391 81
193 391 82
187 391 79
186 391 82
186 391 84
190 394 80
191 394 81
193 394 81
196 394 81
194 394 82
194 394 83
193 396 81
199 396 81
160 371 80
164 371 79
162 372 80
119 329 76
120 329 77
120 329 78
120 329 79
119 329 81
119 329 81
125 329 79
124 333 80
118 333 78
118 333 78
122 333 77
123 333 79
121 333 79
119 335 77
117 335 78
120 335 79
123 335 80
119 337 76
119 337 79
121 337 79
119 340 77
120 340 79
121 340 80
122 342 79
123 342 79

