362 282 37
370 282 44
376 282 48
381 282 51
394 282 53
409 282 57
417 282 60
432 282 71
425 282 83
392 282 91
377 282 95
371 282 97
407 286 58
413 286 60
415 286 60
428 286 62
430 286 66
431 286 72
421 286 82
414 286 86
406 286 89
389 286 93
368 286 100
361 286 103
429 292 73
425 292 78
422 292 81
418 292 86
407 292 89
382 292 93
372 292 97
358 292 103
342 292 109
338 292 111
329 292 114
320 292 116
428 298 70
426 298 78
421 298 83
409 298 87
396 298 91
375 298 97
366 298 100
344 298 108
329 298 113
314 298 117
306 298 118
296 298 119
352 304 105
333 304 110
319 304 115
308 304 118
292 304 120
430 304 68
429 304 76
417 304 82
411 304 86
408 304 89
348 310 107
340 310 110
324 310 115
318 310 116
311 310 118
301 310 119
287 310 119
274 310 120
282 315 121
270 315 121
269 315 121
271 322 120
266 322 120
261 322 119
266 328 119
258 328 119
258 328 119
260 337 119
253 337 118
252 337 117
253 343 116
253 343 116
257 347 115
257 347 115
260 352 115
254 352 114
246 352 106
240 352 102
236 352 101
261 358 113
246 358 108
243 358 105
242 358 104
256 364 112
249 364 109
245 364 106
242 364 104
255 369 111
247 369 108
243 369 105
242 369 105
362 282 37
370 282 44
376 282 48
381 282 51
394 282 53
409 282 57
417 282 60
432 282 71
425 282 83
392 282 91
377 282 95
371 282 97
407 286 58
413 286 60
415 286 60
428 286 62
430 286 66
431 286 72
421 286 82
414 286 86
406 286 89
389 286 93
368 286 100
361 286 103
429 292 73
425 292 78
422 292 81
418 292 86
407 292 89
382 292 93
372 292 97
358 292 103
342 292 109
338 292 111
329 292 114
320 292 116
428 298 70
426 298 78
421 298 83
409 298 87
396 298 91
375 298 97
366 298 100
344 298 108
329 298 113
314 298 117
306 298 118
296 298 119
352 304 105
333 304 110
319 304 115
308 304 118
292 304 120
430 304 68
429 304 76
417 304 82
411 304 86
408 304 89
348 310 107
340 310 110
324 310 115
318 310 116
311 310 118
301 310 119
287 310 119
274 310 120
282 315 121
270 315 121
269 315 121
271 322 120
266 322 120
261 322 119
266 328 119
258 328 119
258 328 119
260 337 119
253 337 118
252 337 117
253 343 116
253 343 116
257 347 115
257 347 115
260 352 115
254 352 114
246 352 106
240 352 102
236 352 101
261 358 113
246 358 108
243 358 105
242 358 104
256 364 112
249 364 109
245 364 106
242 364 104
255 369 111
247 369 108
243 369 105
242 369 105
